
function dx=IP(t,x)

u=-[-30070 0 -72000 -0]*x;
dx=[ 0 1 0 0; 40 0 0 0;  0 0 0 1; -6 0 0 0]*x+[0 -2 0 0.8]'*u;

%{
%dx=[ 0 1 0 0
%    40 0 0 0
%     0 0 0 1
%    -6 0 0 0]*x+[0 -2 0 0.8]'*u;
%}